7.386
61.808
65.884
120.74
126.404
1800.0
1892.61
1937.04
2720.25
4975.0
5342.0
6000.0
6015.0
11290.0
11328.0
12908.0
15357.0
20183.0
23719.0
24955.0
28828.12
37071.0
38286.0
41184.0
41711.0
46408.0
46509.0
46653.0
48500.0
49620.0
50000.0
51540.0
51713.0
51957.0
55572.0
59167.0
74308.0
82168.0
91291.0
96217.0
100000.0
103597.64
107178.0
109084.0
110864.0
111000.0
111866.0
114649.0
116880.0
123820.0
126216.0
129732.0
138490.0
143597.0
149327.0
151086.0
155312.0
155412.0
163145.0
166688.0
168100.0
180144.0
193458.0
194258.0
200433.0
203373.0
206272.0
216166.0
220704.0
224097.0
226026.0
226944.0
229250.0
231000.0
237679.0
244500.0
248104.54
248460.0
250000.0
250900.0
251000.0
252207.0
255000.0
258490.0
259510.0
262891.0
265198.0
269586.0
282310.0
289246.0
292664.9
295206.0
300000.0
306224.0
307552.1
309973.0
314047.0
341517.73
349350.1
373830.0
379331.0
390218.0
397556.5
403056.0
424760.0
436488.7
441856.87
444093.0
448337.0
452391.0
455815.0
456787.2
475231.0
500000.0
512245.0
518000.0
519000.0
556266.0
558598.0
564474.0
566611.0
569996.0
570000.0
592586.0
598288.0
600200.0
600486.0
605000.0
633298.0
658982.0
665960.0
681725.0
688000.0
700000.0
709832.0
713697.0
722932.0
748453.0
750000.0
751000.0
761000.0
765700.0
766075.0
767127.0
769579.0
776000.0
780000.0
783778.0
800000.0
801985.0
818676.0
822000.0
843047.7
847106.0
849600.0
851517.0
874018.0
876247.0
893344.07
894410.0
910773.0
933933.0
944915.0
950000.0
951801.0
958989.0
962002.0
998779.0
1000000.0
1013000.0
1020000.0
1028015.94
1057064.0
1071255.0
1075000.0
1080000.0
1082154.93
1108462.0
1125910.0
1130000.0
1155180.0
1158473.0
1159578.0
1165000.0
1181152.5
1196218.0
1200000.0
1218000.0
1250000.0
1251427.0
1252000.0
1262598.0
1268443.0
1272977.0
1300000.0
1317132.0
1365410.0
1380000.0
1382462.0
1400000.0
1423500.0
1432402.5
1460000.0
1489000.0
1500000.0
1548955.0
1550000.0
1570000.0
1590000.0
1596530.0
1600000.0
1610864.0
1611384.0
1624000.0
1626000.0
1660000.0
1685787.0
1700000.0
1705609.0
1725381.0
1763791.0
1800000.0
1811065.0
1819912.0
1881000.0
1906540.0
1907000.0
1914166.0
1918117.0
1934497.0
1950391.0
1963000.0
1968000.0
1986433.0
1995911.0
2000000.0
2002800.0
2011497.0
2032311.0
2046061.0
2060000.0
2069986.0
2100000.0
2120439.0
2120564.0
2122561.0
2150000.0
2175939.0
2200000.0
2208837.0
2250000.0
2260000.0
2268181.0
2300000.0
2332728.0
2335106.0
2350000.0
2385415.0
2400000.0
2409225.0
2436000.0
2437000.0
2460977.0
2500000.0
2535164.0
2573665.73
2600000.0
2603061.0
2610000.0
2624759.0
2641357.0
2654308.0
2661944.0
2692864.0
2708748.2
2710000.0
2738980.0
2757485.0
2765000.0
2799773.0
2800000.0
2807854.0
2816116.0
2833051.0
2844379.0
2853801.0
2900000.0
2955917.0
2985158.0
3000000.0
3077143.0
3103716.0
3114665.0
3115188.0
3125254.0
3151130.0
3195000.0
3216000.0
3230000.0
3241731.0
3281232.0
3299382.0
3333306.0
3357000.0
3404057.0
3453416.0
3468572.0
3483000.0
3484331.0
3500000.0
3505963.0
3569939.0
3580723.0
3588626.0
3600000.0
3600996.0
3602023.0
3612263.72
3623330.0
3660081.0
3749000.0
3754070.0
3755139.0
3777123.14
3798102.0
3800000.0
3813293.0
3920000.0
3921769.0
3961000.0
3980000.0
3981000.0
4000000.0
4028293.0
4032448.0
4100000.0
4155588.0
4180000.0
4200000.0
4221036.0
4257354.0
4299441.0
4300000.0
4400000.0
4413745.0
4431423.0
4494054.16
4500000.0
4581937.0
4600000.0
4627375.0
4642401.0
4654288.0
4654423.0
4693236.0
4784000.0
4814619.0
4874951.0
4900000.0
4928883.0
4965266.0
5000000.0
5028948.0
5044000.0
5062428.78
5091888.0
5112111.22
5138329.0
5200000.0
5212903.0
5221281.0
5224938.0
5250000.0
5300000.0
5307350.0
5321508.0
5399340.0
5400000.0
5471088.0
5500000.0
5532301.0
5534045.99
5600000.0
5608797.0
5635204.0
5711695.0
5727130.0
5740000.0
5778353.0
5845516.0
5849647.0
5916000.0
5987386.0
6000000.0
6110000.0
6110979.0
6122607.0
6184298.0
6202317.0
6203044.0
6455330.0
6500000.0
6748888.0
6770587.0
6795771.0
6800000.0
6814789.0
6948633.0
7000000.0
7074234.0
7083000.0
7090891.0
7100000.0
7175592.0
7200000.0
7232965.0
7266383.0
7270000.0
7400000.0
7434726.0
7484425.0
7500000.0
7510154.0
7522000.0
7537453.0
7562164.0
7594693.0
7600000.0
7626384.09
7650000.0
7701498.0
7705225.0
7716923.0
7808524.0
7929307.0
7962636.0
8000000.0
8057722.0
8089290.0
8093074.0
8100000.0
8123077.0
8124257.0
8134727.0
8135031.0
8153677.0
8200000.0
8260844.12
8262833.0
8271113.0
8373585.0
8379262.0
8400000.0
8540346.0
8545123.0
8551228.0
8620678.0
8654110.0
8736506.0
8742330.0
8750000.0
8764007.0
8800000.0
8844595.0
8876319.0
8920615.0
8945072.0
9000000.0
9016782.0
9043472.0
9199000.0
9250000.0
9300000.0
9306362.0
9381260.0
9426328.0
9440000.0
9449532.0
9600000.0
9623329.0
9695282.0
9760104.0
9763244.0
9816332.0
9881471.0
9929135.0
9955000.0
9991258.0
10000000.0
10140325.0
10166459.0
10173682.0
10200000.0
10362785.0
10389003.0
10400000.0
10522843.0
10600000.0
10606422.0
10667893.0
10696210.0
10700000.0
10751422.0
10760000.0
10793051.0
10820846.0
10827810.0
10853418.0
10968746.0
11000000.0
11014125.0
11100000.0
11193177.0
11200000.0
11300000.0
11333333.0
11400000.0
11436618.0
11487676.0
11496994.0
11538235.0
11567217.0
11600000.0
11642254.0
11657385.0
11700000.0
11702642.0
11728654.0
11800000.0
11939023.0
11993021.0
12000000.0
12021272.0
12303411.0
12348905.0
12376563.0
12413888.0
12500000.0
12700000.0
12729675.0
12741891.0
12782749.0
12800000.0
12844057.0
12859418.0
12884923.0
12900000.0
12923077.0
13000000.0
13008928.0
13019063.0
13085023.0
13167232.0
13196245.0
13200000.0
13300000.0
13422333.0
13474588.0
13500000.0
13550772.0
13620075.0
13938332.0
14000000.0
14067078.0
14100000.0
14107313.0
14225876.0
14237880.0
14400000.0
14500000.0
14643997.0
14717854.0
14776760.0
14839995.0
14863543.0
14924998.0
15000000.0
15008161.0
15116634.0
15194593.0
15300000.0
15475087.0
15533000.0
15543710.0
15710000.0
15738769.0
15769322.0
15936507.0
15946321.0
15965924.0
15978422.0
16000000.0
16025025.0
16052552.0
16060576.0
16065703.0
16182427.0
16217773.0
16300000.0
16408286.0
16444137.0
16624456.0
16647800.0
16667084.0
16680836.0
16688332.0
16715742.0
16792724.0
16810383.0
16827402.0
16887741.0
16994625.0
17000000.0
17203710.0
17290970.0
17300000.0
17307019.0
17436509.0
17600000.0
17655201.0
17768757.0
18000000.0
18012097.0
18052128.0
18087464.0
18099091.0
18115724.0
18178129.0
18196170.0
18249825.0
18409891.0
18461000.0
18564088.0
18564613.0
18600000.0
18636537.0
18700000.0
18900000.0
18987154.0
18994653.0
18999718.0
19000000.0
19100000.0
19282134.0
19322135.0
19400000.0
19500000.0
19576023.0
19629760.0
19700000.0
19800000.0
20000000.0
20100000.0
20123742.0
20146150.0
20158808.0
20348249.0
20400000.0
20576198.0
20645757.0
20737030.0
20745728.0
20804504.0
20845016.0
20929648.0
21000000.0
21002919.0
21148829.0
21192102.0
21200000.0
21288692.0
21289826.0
21413105.0
21458229.0
21500000.0
21515196.0
21606063.0
21700000.0
21722776.0
21925534.0
21947209.0
22000000.0
22044277.0
22144631.0
22320893.0
22490039.0
22800000.0
22814996.0
22847347.0
22899908.0
23000000.0
23106667.0
23300000.0
23315035.0
23438120.0
23500000.0
23562716.0
23600000.0
23667907.0
23690757.0
23727301.0
23750000.0
23800000.0
23834149.0
24148068.0
24271196.0
24332324.0
24426169.0
24600000.0
24637469.0
24946533.0
25000000.0
25100000.0
25150385.0
25200000.0
25244626.0
25244922.0
25333333.0
25400000.0
25477365.0
25500000.0
25555809.0
25700000.0
25800000.0
25819961.0
25836616.0
25852764.0
25928721.0
26010864.0
26142032.0
26210667.0
26589355.0
26600000.0
26673242.0
26768563.0
26996738.0
27100027.0
27200000.0
27409889.0
27428670.0
27441977.0
27500000.0
27503037.0
27615743.0
27700000.0
27931461.0
28087155.0
28100000.0
28200000.0
28733290.0
28817291.0
28900000.0
29174648.0
29200000.0
29225935.0
29379723.0
29481428.0
29500000.0
29848860.0
30000000.0
30002758.0
30050028.0
30087064.0
30218387.0
30471420.0
30496695.0
30574632.0
30652890.0
30680793.0
30747504.0
30857814.0
30900000.0
30925690.0
30933743.0
31042035.0
31058502.0
31600000.0
31900000.0
32056467.0
32155047.0
32400000.0
32406507.0
32438988.0
32511047.0
32726956.0
32768940.0
32786074.0
32801173.0
32980880.0
33000000.0
33251890.0
33333531.0
33384127.0
33400000.0
33500000.0
33788161.0
33800000.0
33899078.0
34000000.0
34004262.0
34196922.0
34209000.0
34300000.0
34327391.0
34522221.0
34585416.0
34590770.0
34958637.0
34994648.0
35000000.0
35057696.0
35100000.0
35348597.0
35400000.0
35626525.0
35659604.0
35700000.0
35841901.0
35931410.0
35976000.0
36054706.0
36100000.0
36230219.0
36236710.0
36690067.0
36733909.0
37034514.0
37200000.0
37245453.0
37295445.0
37664855.0
37823676.0
37903295.0
38000000.0
38037513.0
38122105.0
38135878.0
38275483.0
38300000.0
38376497.0
38620740.0
38625550.0
38862717.0
38900000.0
39000000.0
39031337.0
39032001.0
39048711.0
39187783.0
39286030.0
39323027.0
39665951.0
39768000.0
40000000.0
40157856.0
40170558.0
40200000.0
40346186.0
40445129.0
40485039.0
40547440.0
41000000.0
41300000.0
41322359.0
41675194.0
41795218.0
41900000.0
42000000.0
42105111.0
42300873.0
42313354.0
42368025.0
43005351.0
43498108.0
43935763.0
44000000.0
44017374.0
44065653.0
44093316.0
44196684.0
44200000.0
44500000.0
44700000.0
44753475.0
45284974.0
45395069.0
45500000.0
45584036.0
45681173.0
45716692.0
45833132.0
46000000.0
46089287.0
46236000.0
46300000.0
46462469.0
46700000.0
46800000.0
47074133.0
47126295.0
47267001.0
47400000.0
47494916.0
47847881.0
47960085.0
48000000.0
48102795.0
48169156.0
48197805.0
48300000.0
48363516.0
48400000.0
48428063.0
48795021.0
48915430.0
49000000.0
49271461.0
49332692.0
49421974.0
49823037.0
49871429.0
50000000.0
50008143.0
50011441.0
50068310.0
50236831.0
50461371.0
50671850.0
50750000.0
50812934.0
50907234.0
51005000.0
51132598.0
51249422.0
51500000.0
51700000.0
52096475.0
52302796.0
52304001.0
52700000.0
52800000.0
52826594.0
52858433.0
52970014.0
53187659.0
53208180.0
53424681.0
53507267.0
53676580.0
53911748.0
53993738.0
54000000.0
54641191.0
54700000.0
54700105.0
54999779.0
55000000.0
55003135.0
55382927.0
55635037.0
55720772.0
55987321.0
56000000.0
56106607.0
56383756.0
56870414.0
57120318.0
57479076.0
57491000.0
57600000.0
57756408.0
57800000.0
57958696.0
58000000.0
58292295.0
58360760.0
58400000.0
58853106.0
59303359.0
60000000.0
60289912.0
60527873.0
60611975.0
60648662.0
60700000.0
60740827.0
60900000.0
60965854.0
61141130.0
61300000.0
61399552.0
61487846.0
61800000.0
62022014.0
62701289.0
62870546.0
63408614.0
63456988.0
63647656.0
63707829.0
63766510.0
63980721.0
64000000.0
64191523.0
64350171.0
64956806.0
65000000.0
65048678.0
65270477.0
65605808.0
65700000.0
65716126.0
66000000.0
66100000.0
66200000.0
66361761.0
67000000.0
67331309.0
67336470.0
67400000.0
67642693.0
67876281.0
68263166.0
68300000.0
68369434.0
68570336.0
68673228.0
68851475.0
68856263.0
68895435.0
70000000.0
70115868.0
70136369.0
70187658.0
70595464.0
70642036.0
70906973.0
71320000.0
71700000.0
72000000.0
72178895.0
72800000.0
73200000.0
73244881.0
73400000.0
73992524.0
74036715.0
74200000.0
74223861.0
75082668.0
75286229.0
75500000.0
75671125.0
75800000.0
75902208.0
76019048.0
76182388.0
76199183.0
76270454.0
76408097.0
76432727.0
76488889.0
76600000.0
77000000.0
77063924.0
77200000.0
77488607.0
77566815.0
77628265.0
77745568.0
77800000.0
77912251.0
78309131.0
78371200.0
78382433.0
78400000.0
78756177.0
78868508.0
79000000.0
79082515.0
79200000.0
79567667.0
79700000.0
80000000.0
80197993.0
80253908.0
80300000.0
80500000.0
80743363.0
80916492.0
81261177.0
81491068.0
82000000.0
83000000.0
83100000.0
83258226.0
83453539.0
83471511.0
84254167.0
84431625.0
84460846.0
84600000.0
84661434.0
84795656.0
85000000.0
85100000.0
85416905.0
85417988.0
85498534.0
86010000.0
86024005.0
86572238.0
86930411.0
86957280.0
87200000.0
87400000.0
87404651.0
87700000.0
87812371.0
87892388.0
88500000.0
89433436.0
90000000.0
90000098.0
90247624.0
90383208.0
90874570.0
91000000.0
91700000.0
92000000.0
92027888.0
92108518.0
92158961.0
92181574.0
92938755.0
92991835.0
93273565.0
93600000.0
93602326.0
95000000.0
95708457.0
96000000.0
96159800.0
96165091.0
97009150.0
97100000.0
97818139.0
98126565.0
98268458.0
98337295.0
98400000.0
98625775.0
98800000.0
99318987.0
99965792.0
100000000.0
100529754.0
100853753.0
101167799.0
101200000.0
101371017.0
101646581.0
102000000.0
102272727.0
102338515.0
102367405.0
102392080.0
102441078.0
102600000.0
102854431.0
102992536.0
103000000.0
103100000.0
103166989.0
104155843.0
104324083.0
104395170.0
104478416.0
105173115.0
106000000.0
106285522.0
108000000.0
108600000.0
109114817.0
109578115.0
109676311.0
109862682.0
110000000.0
110013167.0
110200000.0
110900000.0
110943000.0
111476513.0
111700000.0
113020256.0
113493481.0
113714830.0
113996937.0
114178613.0
114326736.0
114830111.0
115407296.0
115772733.0
116000000.0
116112375.0
116476887.0
117086251.0
117442400.0
117487473.0
117758500.0
117867984.0
118063304.0
118133252.0
119000000.0
119137784.0
119208989.0
120000000.0
120072577.0
120207127.0
120673227.0
121000000.0
121697323.0
121969216.0
122000000.0
122100000.0
122200000.0
122417389.0
123000000.0
123900000.0
124700000.0
125000000.0
125212904.0
127000000.0
127233108.0
128000000.0
128400000.0
128798265.0
128884494.0
128955898.0
129000000.0
129300000.0
129771896.0
129832389.0
130834852.0
131060248.0
131183530.0
131500000.0
132500000.0
132856738.0
133432856.0
135000000.0
135458097.0
135703599.0
136159423.0
136766062.0
137298489.0
137328301.0
137600000.0
138530565.0
139683000.0
139800000.0
140000000.0
140175006.0
140767956.0
141000000.0
141407024.0
142000000.0
142300000.0
142900000.0
145358062.0
147214049.0
147300000.0
147700000.0
147934180.0
149281606.0
149411550.0
149600000.0
150166126.0
151100000.0
151668774.0
151783839.0
152159461.0
152266007.0
152523164.0
153518974.0
154000000.0
154270000.0
155721132.0
156167015.0
156563139.0
157150000.0
157387195.0
157927340.0
158733820.0
158964610.0
159814498.0
160112671.0
160388063.0
160846332.0
161000000.0
161376069.0
161800000.0
161849455.0
162242684.0
162242962.0
162949164.0
164000000.0
164300000.0
164508066.0
164648142.0
164996077.0
165184237.0
165615285.0
166339890.0
167000000.0
167298192.0
168839459.0
169000000.0
169327687.0
169332978.0
169785704.0
171000000.0
171120329.0
171400000.0
171627166.0
172363301.0
172544654.0
172989651.0
173900000.0
173959438.0
175000000.0
175910315.0
176070171.0
176104344.0
176506819.0
176880000.0
176997168.0
177200000.0
177584879.0
178000000.0
178051587.0
178120010.0
178127760.0
178710620.0
179213434.0
180202163.0
180274123.0
180949045.0
183200000.0
184155863.0
185000000.0
185400000.0
186053725.0
189176423.0
189800000.0
190700000.0
191000000.0
191502426.0
193772504.0
193921372.0
194137091.0
195702963.0
195745823.0
196000000.0
196567262.0
197011982.0
197309027.0
198467168.0
199000000.0
199850315.0
199936011.0
200276784.0
200512643.0
200700000.0
200800000.0
201500000.0
201584141.0
201957688.0
201965915.0
202026112.0
202300000.0
202400000.0
202500000.0
203400000.0
203877963.0
204600000.0
204963084.0
205000000.0
205100000.0
205300000.0
205366737.0
205405498.0
205843612.0
206000000.0
206071502.0
206700000.0
207000000.0
207269000.0
207283925.0
207500000.0
207700000.0
208000000.0
208100000.0
209073645.0
209196298.0
209600000.0
209900000.0
210300000.0
210888950.0
211368784.0
211780824.0
211800000.0
211989043.0
212011111.0
212385533.0
212404396.0
212700000.0
212900000.0
213200000.0
213500000.0
213741459.0
213928762.0
213954274.0
214015089.0
214034224.0
214104620.0
214900000.0
215294342.0
215300000.0
215394738.0
215700000.0
215862692.0
215880014.0
215887717.0
216200000.0
216500000.0
216614388.0
216639112.0
216800000.0
217800000.0
218340595.0
218600000.0
219000000.0
219100000.0
219375797.0
219417255.0
220700000.0
221300000.0
222000000.0
222200000.0
222400000.0
222402366.0
222700000.0
223241637.0
223387299.0
223700000.0
224000000.0
224800000.0
224920315.0
225000000.0
225097437.0
225900000.0
226349749.0
226496399.0
226800000.0
226904017.0
227500000.0
227800000.0
227853986.0
227927165.0
228700000.0
229100000.0
229163264.0
229700000.0
229900000.0
230400000.0
230700000.0
230900000.0
231400000.0
231449203.0
231600000.0
232000000.0
232300000.0
232617430.0
233093859.0
234801895.0
235000000.0
235500000.0
235860116.0
235926552.0
236323601.0
236350661.0
236412453.0
237100000.0
237200000.0
237400000.0
237700000.0
238200000.0
239258712.0
239606210.0
240031094.0
240159255.0
242000000.0
242295562.0
242900000.0
243000000.0
243200000.0
243800000.0
244400000.0
245000000.0
245077583.0
245360480.0
245500000.0
245676146.0
245700832.0
245724603.0
246942017.0
247300000.0
248100000.0
248639099.0
249348933.0
249500000.0
250288523.0
250397798.0
250600000.0
250821495.0
251200000.0
252276927.0
252712101.0
252900000.0
253600000.0
254100000.0
255000211.0
256271286.0
256700000.0
257938649.0
258097122.0
259200000.0
260100000.0
260500000.0
260700000.0
261200000.0
261299840.0
261572744.0
261900000.0
262500000.0
262800000.0
263427551.0
263900000.0
264100000.0
264118201.0
264218220.0
266500000.0
266600000.0
266700000.0
266831698.0
267000000.0
267447150.0
268230000.0
268400000.0
268500000.0
269800000.0
269958228.0
270200000.0
271400000.0
272742922.0
273144151.0
273339556.0
273600000.0
273961019.0
274500000.0
274703340.0
275293450.0
275650703.0
276144750.0
277400000.0
278019771.0
281929795.0
282600000.0
284000000.0
285200000.0
285444603.0
286140700.0
286801374.0
287553595.0
287594584.0
287900000.0
288300000.0
288400000.0
288800000.0
289000000.0
289300000.0
290633422.0
291400000.0
291480452.0
292800000.0
293503354.0
294500000.0
294800000.0
295200000.0
296300000.0
296700000.0
297000000.0
297100000.0
299268508.0
299288605.0
299965036.0
300000000.0
300135367.0
300157638.0
300200000.0
300400000.0
300451603.0
300473716.0
300854823.0
302500000.0
302700000.0
303025485.0
304300000.0
304654182.0
305300000.0
306776732.0
306889114.0
306941670.0
307100000.0
309000000.0
309457509.0
309492681.0
309979994.0
310650585.0
311312624.0
311365072.0
312016858.0
313500000.0
314000000.0
314400000.0
314975955.0
315156409.0
316360478.0
317400000.0
319700000.0
320100000.0
321455689.0
321669741.0
321731527.0
321900000.0
322139355.0
325300000.0
325338851.0
326551094.0
327333559.0
328203506.0
328700000.0
329400000.0
329803958.0
330000000.0
330400000.0
330600000.0
331950002.0
333000000.0
333100000.0
333900000.0
335100000.0
335300000.0
336002996.0
336531112.0
337580051.0
340487652.0
341400000.0
341600000.0
342640000.0
342700000.0
345100000.0
346079773.0
346118277.0
347325802.0
347512318.0
347545360.0
348840316.0
349000000.0
349800000.0
350448145.0
351000000.0
351600000.0
351692268.0
351723989.0
352114312.0
352200000.0
352900000.0
353133898.0
353624124.0
353641895.0
354800000.0
355237933.0
355725195.0
356296601.0
356800000.0
358372926.0
358400000.0
358994850.0
359100000.0
361300000.0
361832400.0
362000072.0
362211740.0
362637473.0
362989076.0
363200000.0
363300000.0
363889678.0
365971656.0
366101666.0
367300000.0
368100000.0
368700000.0
368780809.0
368875760.0
369900000.0
370500000.0
370569774.0
371353001.0
372234864.0
373100000.0
373554033.0
374000000.0
374111707.0
374218673.0
375700000.0
376100000.0
377910544.0
378858340.0
378882411.0
379014294.0
381109762.0
381509870.0
383257136.0
384335608.0
385700000.0
388156011.0
389900000.0
390500000.0
391081192.0
392000000.0
393600000.0
395000000.0
396592829.0
397850012.0
400100000.0
402352579.0
403354469.0
403449830.0
407700000.0
408000000.0
411002906.0
411006740.0
411300000.0
413106170.0
414800000.0
415300000.0
415700000.0
415933406.0
419700000.0
423999102.0
424208848.0
424967620.0
425368238.0
426588510.0
427343298.0
429632142.0
430000000.0
430718255.0
432000000.0
433013274.0
433371112.0
441300000.0
441306145.0
441809770.0
441818803.0
443100000.0
444100035.0
448200000.0
449200000.0
449326618.0
450717150.0
456068181.0
456758981.0
457400000.0
457696391.0
459400000.0
460200000.0
460583960.0
461991867.0
463406268.0
467222728.0
467381584.0
467500000.0
471222889.0
471411300.0
474200000.0
475000000.0
475100000.0
476684675.0
478207520.0
480000000.0
481800873.0
482349603.0
484409218.0
484572835.0
484634335.0
485930816.0
493200000.0
493311825.0
494580615.0
494900000.0
497400000.0
497409852.0
500100000.0
504050219.0
506000000.0
516600000.0
516950043.0
521200000.0
524028679.0
527071022.0
534767889.0
538641000.0
538983207.0
540007876.0
540785210.0
542063846.0
542771772.0
543113985.0
543848418.0
546388105.0
547879454.0
549368315.0
550517357.0
553709788.0
554987477.0
559852396.0
560000000.0
563749323.0
574480841.0
585349010.0
585366247.0
586090727.0
586764305.0
587204668.0
589390539.0
591745532.0
591794936.0
603900354.0
609016565.0
609447995.0
609896805.0
610061517.0
618638999.0
623722818.0
623933331.0
624026776.0
626137675.0
631606713.0
631746197.0
632316649.0
644783140.0
649436358.0
653790000.0
654264015.0
665692281.0
667036530.0
668045518.0
672806292.0
677471339.0
678151134.0
694394724.0
694713380.0
698491347.0
709709780.0
711020081.0
712205856.0
723192705.0
735099082.0
739412035.0
743559607.0
745013115.0
746921274.0
752600867.0
757930663.0
758410378.0
760006945.0
775398007.0
788680968.0
788976453.0
790653942.0
791657398.0
792910554.0
794881442.0
797361618.0
804438141.0
817400891.0
825025036.0
829895144.0
836303693.0
850035635.0
865011746.0
877244782.0
879793867.0
883726270.0
886686817.0
890871626.0
895921036.0
923075336.0
933959197.0
936689735.0
941676843.0
960996492.0
968511805.0
969023261.0
970766005.0
975200000.0
976536918.0
978087613.0
1000000000.0
1003045358.0
1025467110.0
1027082707.0
1030314141.0
1045713802.0
1066179725.0
1066969703.0
1081041287.0
1108561013.0
1123794079.0
1140682011.0
1200263808.0
1214811252.0
1270000000.0
1341511219.0
1400000000.0
1518812988.0
1559000000.0
1560000000.0
1670400637.0
1700000000.0
1729717500.0
1768000000.0
1800000000.0
1850197130.0
1900000000.0
2000000000.0
2100000000.0
2210000000.0
2230000000.0
2300000000.0
2380000000.0
2400000000.0
2470000000.0
2550000000.0
2720000000.0
2800000000.0
2847379794.0
2910000000.0
3150000000.0
3584378000.0
3620000000.0
3920000000.0
4100000000.0
4470000000.0
7100000000.0
7330000000.0
8150000000.0
8200000000.0
9200000000.0
9800000000.0
10100000000.0
11000000000.0
17350000000.0
196657000000.0
722135000000.0
